0 0.518750 0.668056 0.043750 0.044444
0 0.354297 0.122917 0.036719 0.034722
0 0.377734 0.104861 0.038281 0.043056
0 0.631641 0.187500 0.044531 0.047222
0 0.666406 0.158333 0.040625 0.047222
0 0.776563 0.302778 0.037500 0.047222
0 0.680078 0.332639 0.036719 0.040278
0 0.466016 0.419444 0.038281 0.033333
0 0.505469 0.547222 0.040625 0.044444
0 0.530469 0.578472 0.031250 0.029167
0 0.439453 0.684028 0.033594 0.037500
0 0.328906 0.702778 0.035937 0.036111
0 0.223828 0.495139 0.039844 0.037500
0 0.220703 0.442361 0.041406 0.040278
0 0.196875 0.351389 0.035937 0.036111
0 0.239453 0.347917 0.030469 0.034722
0 0.280859 0.413194 0.033594 0.034722
0 0.123047 0.486111 0.039844 0.036111
0 0.088281 0.409722 0.034375 0.033333
0 0.029297 0.384722 0.041406 0.036111
0 0.071094 0.175694 0.034375 0.040278
0 0.038281 0.194444 0.035937 0.038889
0 0.069922 0.562500 0.039844 0.041667
0 0.405859 0.608333 0.035156 0.036111
0 0.389062 0.563194 0.031250 0.034722
0 0.858203 0.208333 0.042969 0.047222
