0 0.410547 0.210417 0.036719 0.037500
0 0.664844 0.159028 0.039062 0.043056
0 0.709375 0.135417 0.040625 0.037500
0 0.701172 0.329167 0.035156 0.036111
0 0.819922 0.294444 0.033594 0.038889
0 0.906641 0.190972 0.047656 0.048611
0 0.941797 0.378472 0.032031 0.040278
0 0.792188 0.561111 0.040625 0.036111
0 0.889453 0.612500 0.035156 0.041667
0 0.939844 0.527083 0.045313 0.048611
0 0.534766 0.572222 0.039844 0.038889
0 0.555469 0.599306 0.039062 0.037500
0 0.526563 0.699306 0.037500 0.034722
0 0.432031 0.718750 0.035937 0.040278
0 0.382422 0.587500 0.042969 0.033333
0 0.404297 0.638889 0.038281 0.033333
0 0.175000 0.506944 0.037500 0.030556
0 0.139453 0.337500 0.046094 0.041667
0 0.159375 0.446528 0.048437 0.043056
0 0.060547 0.501389 0.055469 0.044444
0 0.042969 0.147222 0.040625 0.038889
0 0.302734 0.743056 0.041406 0.036111
0 0.181641 0.623611 0.041406 0.050000
0 0.464844 0.418750 0.037500 0.037500
0 0.337109 0.067361 0.038281 0.043056
