0 0.048047 0.101389 0.038281 0.038889
0 0.262109 0.165972 0.038281 0.037500
0 0.298828 0.163889 0.032031 0.038889
0 0.330859 0.161111 0.028906 0.044444
0 0.472266 0.156944 0.035156 0.041667
0 0.514844 0.131944 0.032812 0.041667
0 0.564453 0.158333 0.042969 0.038889
0 0.588281 0.233333 0.039062 0.047222
0 0.550781 0.252083 0.040625 0.048611
0 0.886328 0.068750 0.044531 0.048611
0 0.965625 0.213194 0.042188 0.056944
0 0.961328 0.404167 0.032031 0.041667
0 0.666797 0.354167 0.038281 0.055556
0 0.655469 0.471528 0.046875 0.043056
0 0.624219 0.525000 0.043750 0.061111
0 0.505859 0.427083 0.038281 0.043056
0 0.432031 0.396528 0.042188 0.037500
0 0.508594 0.617361 0.045313 0.045833
0 0.416406 0.636111 0.048437 0.044444
0 0.436719 0.709722 0.039062 0.041667
0 0.317969 0.706944 0.045313 0.038889
0 0.261328 0.594444 0.033594 0.052778
0 0.281250 0.538194 0.046875 0.031944
0 0.226953 0.579861 0.044531 0.048611
0 0.165234 0.584028 0.044531 0.045833
