0 0.306250 0.077778 0.045313 0.036111
0 0.264844 0.059028 0.042188 0.043056
0 0.322656 0.245833 0.043750 0.041667
0 0.108984 0.228472 0.050781 0.045833
0 0.275391 0.476389 0.039844 0.036111
0 0.289062 0.513889 0.042188 0.041667
0 0.275391 0.572917 0.044531 0.037500
0 0.268359 0.708333 0.047656 0.036111
0 0.330078 0.702083 0.047656 0.051389
0 0.457031 0.710417 0.046875 0.040278
0 0.625000 0.539583 0.035937 0.040278
0 0.728906 0.525694 0.050000 0.034722
0 0.746094 0.462500 0.043750 0.044444
0 0.815625 0.435417 0.053125 0.045833
0 0.851172 0.461806 0.050781 0.045833
0 0.868359 0.273611 0.044531 0.041667
0 0.828125 0.260417 0.042188 0.048611
0 0.973047 0.246528 0.047656 0.054167
0 0.728125 0.617361 0.040625 0.034722
0 0.809766 0.596528 0.050781 0.056944
0 0.460938 0.852083 0.040625 0.048611
0 0.580469 0.777083 0.040625 0.037500
