0 0.613672 0.442361 0.052344 0.051389
0 0.570312 0.640972 0.050000 0.040278
0 0.610547 0.670833 0.039844 0.050000
0 0.691797 0.661111 0.041406 0.038889
0 0.816016 0.548611 0.047656 0.044444
0 0.954297 0.690972 0.052344 0.051389
0 0.976172 0.649306 0.042969 0.056944
0 0.714063 0.118750 0.050000 0.048611
0 0.533594 0.162500 0.046875 0.050000
0 0.375391 0.097917 0.042969 0.045833
0 0.323047 0.082639 0.057031 0.056944
0 0.274219 0.359722 0.051562 0.047222
0 0.113281 0.061111 0.054688 0.055556
0 0.368359 0.810417 0.046094 0.031944
