0 0.621875 0.241667 0.043750 0.055556
0 0.591797 0.131944 0.044531 0.052778
0 0.976562 0.225000 0.046875 0.058333
0 0.691016 0.486111 0.058594 0.052778
0 0.609375 0.598611 0.046875 0.052778
0 0.322656 0.453472 0.043750 0.045833
0 0.096094 0.352083 0.048437 0.043056
0 0.255469 0.349306 0.048437 0.054167
0 0.348437 0.614583 0.046875 0.059722
0 0.397266 0.647917 0.044531 0.045833
0 0.515234 0.824306 0.061719 0.056944
0 0.891797 0.668750 0.052344 0.065278
0 0.893750 0.720833 0.053125 0.044444
0 0.987891 0.677778 0.024219 0.063889
0 0.020312 0.585417 0.040625 0.034722
