0 0.341016 0.392361 0.050781 0.048611
0 0.291797 0.466667 0.049219 0.044444
0 0.205859 0.743750 0.035156 0.048611
0 0.146094 0.543056 0.043750 0.052778
0 0.469141 0.736111 0.049219 0.050000
0 0.362891 0.721528 0.046094 0.054167
0 0.428906 0.488194 0.045313 0.054167
0 0.389062 0.524306 0.050000 0.051389
0 0.425000 0.429167 0.059375 0.058333
0 0.270312 0.185417 0.050000 0.054167
0 0.285156 0.152083 0.042188 0.054167
0 0.322656 0.127083 0.051562 0.062500
0 0.913672 0.291667 0.052344 0.061111
0 0.883984 0.365278 0.047656 0.041667
0 0.779688 0.331944 0.060938 0.055556
0 0.767578 0.361806 0.047656 0.048611
0 0.803906 0.650694 0.046875 0.056944
0 0.712891 0.139583 0.038281 0.048611
