0 0.269141 0.224306 0.041406 0.045833
0 0.244922 0.308333 0.035156 0.047222
0 0.456250 0.419444 0.046875 0.044444
0 0.496094 0.361806 0.046875 0.043056
0 0.618750 0.102083 0.042188 0.043056
0 0.784766 0.362500 0.050781 0.047222
0 0.821094 0.461806 0.046875 0.054167
0 0.716016 0.643056 0.041406 0.036111
0 0.762109 0.698611 0.050781 0.050000
0 0.970703 0.770139 0.035156 0.045833
0 0.560547 0.678472 0.046094 0.048611
0 0.206641 0.646528 0.050781 0.043056
0 0.333203 0.720139 0.047656 0.056944
0 0.184766 0.519444 0.044531 0.041667
0 0.360547 0.334028 0.039844 0.045833
0 0.596875 0.036111 0.048437 0.047222
