0 0.388281 0.215972 0.034375 0.045833
0 0.519141 0.168056 0.046094 0.044444
0 0.622266 0.021528 0.041406 0.037500
0 0.925781 0.022917 0.045313 0.040278
0 0.062109 0.368750 0.050781 0.056944
0 0.118750 0.343056 0.050000 0.050000
0 0.244531 0.059028 0.054688 0.045833
0 0.026172 0.383333 0.041406 0.052778
0 0.215625 0.404861 0.043750 0.037500
0 0.244922 0.680556 0.047656 0.041667
0 0.351172 0.743056 0.047656 0.050000
0 0.359766 0.629861 0.046094 0.043056
0 0.509375 0.700000 0.048437 0.058333
0 0.621875 0.697222 0.050000 0.050000
0 0.582422 0.498611 0.046094 0.047222
0 0.364844 0.350000 0.042188 0.041667
0 0.599219 0.432639 0.045313 0.051389
0 0.746484 0.550694 0.044531 0.045833
0 0.775781 0.684722 0.040625 0.063889
0 0.830078 0.680556 0.042969 0.055556
0 0.986719 0.369444 0.026563 0.047222
