0 0.227344 0.095833 0.054688 0.044444
0 0.267578 0.157639 0.036719 0.034722
0 0.543359 0.152083 0.049219 0.048611
0 0.600000 0.306944 0.040625 0.044444
0 0.594141 0.234028 0.030469 0.034722
0 0.820312 0.321528 0.046875 0.051389
0 0.828516 0.177778 0.032031 0.047222
0 0.227734 0.310417 0.042969 0.037500
0 0.587891 0.518750 0.042969 0.045833
0 0.618750 0.476389 0.040625 0.036111
0 0.518750 0.419444 0.040625 0.041667
0 0.394531 0.725694 0.039062 0.048611
0 0.244922 0.739583 0.041406 0.037500
0 0.210547 0.730556 0.038281 0.036111
0 0.538281 0.765972 0.035937 0.034722
0 0.690625 0.582639 0.040625 0.054167
0 0.984766 0.490278 0.030469 0.052778
0 0.870703 0.218056 0.047656 0.058333
