0 0.251172 0.095139 0.050781 0.048611
0 0.196484 0.093056 0.042969 0.044444
0 0.476562 0.188889 0.040625 0.041667
0 0.527734 0.220139 0.042969 0.037500
0 0.627344 0.300694 0.048437 0.054167
0 0.665234 0.111806 0.044531 0.037500
0 0.627344 0.068056 0.039062 0.044444
0 0.682813 0.065278 0.048437 0.047222
0 0.870313 0.388194 0.043750 0.045833
0 0.875781 0.426389 0.043750 0.047222
0 0.365234 0.543750 0.049219 0.056944
0 0.337109 0.617361 0.046094 0.045833
0 0.203516 0.418056 0.042969 0.038889
0 0.267578 0.372222 0.041406 0.047222
0 0.609766 0.407639 0.044531 0.040278
0 0.705078 0.605556 0.046094 0.050000
0 0.144922 0.536806 0.044531 0.051389
0 0.131250 0.481944 0.043750 0.041667
0 0.687500 0.688889 0.039062 0.041667
0 0.971875 0.165278 0.046875 0.050000
