0 0.284375 0.314583 0.051562 0.051389
0 0.067188 0.402778 0.053125 0.050000
0 0.283203 0.430556 0.046094 0.044444
0 0.366016 0.363889 0.039844 0.044444
0 0.412891 0.390278 0.046094 0.047222
0 0.362500 0.534028 0.046875 0.045833
0 0.262891 0.529861 0.042969 0.043056
0 0.325000 0.575694 0.057813 0.054167
0 0.194531 0.653472 0.062500 0.054167
0 0.130469 0.494444 0.040625 0.044444
0 0.515625 0.627778 0.046875 0.041667
0 0.561719 0.603472 0.053125 0.051389
0 0.598437 0.652778 0.053125 0.041667
0 0.697656 0.365278 0.043750 0.041667
0 0.940625 0.621528 0.040625 0.045833
0 0.981250 0.629861 0.037500 0.056944
0 0.960156 0.519444 0.043750 0.050000
0 0.896875 0.328472 0.043750 0.048611
0 0.115625 0.750000 0.048437 0.038889
0 0.085938 0.790278 0.043750 0.041667
