0 0.295312 0.391667 0.048437 0.052778
0 0.357031 0.341667 0.042188 0.038889
0 0.387500 0.563889 0.040625 0.041667
0 0.429688 0.558333 0.034375 0.044444
0 0.264844 0.564583 0.051562 0.043056
0 0.232812 0.666667 0.042188 0.055556
0 0.451562 0.216667 0.043750 0.044444
0 0.428516 0.250000 0.050781 0.055556
0 0.499609 0.315972 0.041406 0.045833
0 0.676562 0.297222 0.040625 0.055556
0 0.739844 0.211111 0.045313 0.047222
0 0.723828 0.135417 0.042969 0.040278
0 0.791016 0.123611 0.050781 0.052778
0 0.706250 0.090972 0.042188 0.045833
0 0.807813 0.031944 0.046875 0.047222
0 0.819531 0.608333 0.050000 0.061111
0 0.746875 0.550000 0.050000 0.047222
0 0.566797 0.645139 0.052344 0.054167
0 0.637500 0.677083 0.043750 0.054167
0 0.056250 0.303472 0.062500 0.045833
0 0.028906 0.474306 0.051562 0.065278
0 0.894922 0.465972 0.039844 0.045833
0 0.983203 0.604861 0.033594 0.065278
