0 0.260156 0.137500 0.045313 0.047222
0 0.312109 0.189583 0.046094 0.054167
0 0.358203 0.177083 0.041406 0.048611
0 0.414062 0.319444 0.043750 0.047222
0 0.244531 0.346528 0.050000 0.045833
0 0.247266 0.389583 0.039844 0.043056
0 0.271094 0.418750 0.045313 0.045833
0 0.631641 0.330556 0.038281 0.038889
0 0.676953 0.312500 0.041406 0.055556
0 0.718359 0.293056 0.038281 0.050000
0 0.698047 0.167361 0.035156 0.043056
0 0.737500 0.367361 0.035937 0.043056
0 0.752344 0.413194 0.035937 0.045833
0 0.770312 0.493056 0.046875 0.050000
0 0.710938 0.547222 0.029687 0.038889
0 0.677344 0.429861 0.046875 0.037500
0 0.664844 0.695833 0.035937 0.044444
0 0.654297 0.751389 0.049219 0.055556
0 0.608594 0.654861 0.039062 0.054167
0 0.334766 0.603472 0.052344 0.054167
0 0.400000 0.725000 0.032812 0.047222
0 0.557813 0.837500 0.045313 0.050000
0 0.180469 0.650694 0.050000 0.045833
0 0.158203 0.474306 0.038281 0.045833
0 0.976953 0.624306 0.041406 0.051389
0 0.038672 0.718750 0.052344 0.054167
