0 0.355859 0.511111 0.050781 0.047222
0 0.577344 0.500000 0.046875 0.050000
0 0.515234 0.416667 0.049219 0.047222
0 0.788281 0.588194 0.057813 0.056944
0 0.754687 0.275000 0.048437 0.052778
0 0.874609 0.263194 0.042969 0.043056
0 0.923828 0.190972 0.042969 0.040278
0 0.968750 0.131944 0.042188 0.041667
0 0.952344 0.042361 0.056250 0.034722
0 0.802734 0.043750 0.036719 0.034722
0 0.548437 0.636111 0.043750 0.041667
0 0.682031 0.697222 0.046875 0.050000
0 0.894141 0.650000 0.041406 0.055556
0 0.095703 0.726389 0.047656 0.047222
0 0.977734 0.579167 0.044531 0.050000
0 0.949219 0.392361 0.050000 0.034722
0 0.929297 0.357639 0.047656 0.056944
0 0.235547 0.380556 0.042969 0.050000
0 0.242578 0.027083 0.046094 0.043056
0 0.041797 0.468750 0.050781 0.045833
0 0.550391 0.343750 0.041406 0.048611
0 0.725781 0.652083 0.034375 0.037500
