0 0.250000 0.330556 0.057813 0.047222
0 0.277344 0.402778 0.045313 0.038889
0 0.029297 0.357639 0.041406 0.051389
0 0.063672 0.368056 0.038281 0.052778
0 0.087109 0.429861 0.047656 0.037500
0 0.071875 0.481944 0.046875 0.050000
0 0.079687 0.619444 0.046875 0.050000
0 0.141797 0.604861 0.047656 0.059722
0 0.209766 0.707639 0.046094 0.068056
0 0.252344 0.725000 0.045313 0.041667
0 0.475391 0.409722 0.041406 0.044444
0 0.606250 0.377083 0.046875 0.051389
0 0.451172 0.495139 0.049219 0.037500
0 0.489844 0.555556 0.048437 0.047222
0 0.667578 0.538194 0.049219 0.051389
0 0.722656 0.512500 0.043750 0.041667
0 0.697266 0.309722 0.046094 0.041667
0 0.724609 0.610417 0.042969 0.045833
0 0.771875 0.551389 0.034375 0.050000
0 0.797266 0.644444 0.044531 0.041667
0 0.846094 0.422917 0.040625 0.048611
0 0.925000 0.335417 0.046875 0.048611
0 0.949219 0.480556 0.050000 0.052778
