0 0.236719 0.202778 0.045313 0.047222
0 0.295703 0.340278 0.049219 0.044444
0 0.092969 0.718750 0.043750 0.043056
0 0.442578 0.661111 0.046094 0.044444
0 0.787109 0.554861 0.052344 0.045833
0 0.855469 0.415278 0.057813 0.050000
0 0.884766 0.202083 0.053906 0.054167
0 0.877344 0.479861 0.053125 0.040278
0 0.342187 0.206250 0.043750 0.037500
0 0.121094 0.479167 0.043750 0.041667
0 0.116016 0.562500 0.044531 0.050000
0 0.678125 0.667361 0.043750 0.051389
0 0.594531 0.572222 0.050000 0.044444
0 0.645312 0.027083 0.045313 0.040278
