0 0.415625 0.236111 0.057813 0.052778
0 0.768750 0.280556 0.051562 0.050000
0 0.867188 0.400694 0.053125 0.051389
0 0.694141 0.543750 0.050781 0.054167
0 0.926562 0.045139 0.054688 0.056944
0 0.031250 0.186111 0.062500 0.063889
0 0.399609 0.351389 0.049219 0.061111
0 0.451953 0.285417 0.046094 0.048611
0 0.513672 0.875000 0.053906 0.044444
0 0.568750 0.197917 0.039062 0.056944
0 0.361328 0.524306 0.057031 0.051389
0 0.219922 0.790972 0.035156 0.040278
0 0.041797 0.689583 0.033594 0.045833
0 0.889844 0.538889 0.048437 0.061111
