0 0.296484 0.197222 0.046094 0.044444
0 0.370313 0.196528 0.060938 0.043056
0 0.243359 0.323611 0.061719 0.052778
0 0.306250 0.325000 0.057813 0.063889
0 0.278906 0.361806 0.048437 0.054167
0 0.229297 0.502083 0.052344 0.043056
0 0.260156 0.558333 0.045313 0.038889
0 0.098438 0.479861 0.060938 0.048611
0 0.149219 0.461806 0.043750 0.043056
0 0.110937 0.579167 0.040625 0.038889
0 0.423438 0.667361 0.056250 0.048611
0 0.372656 0.702083 0.051562 0.037500
0 0.355859 0.768056 0.044531 0.044444
0 0.685938 0.486806 0.053125 0.045833
0 0.688672 0.522917 0.049219 0.048611
0 0.597266 0.552083 0.046094 0.045833
0 0.811719 0.154861 0.059375 0.065278
0 0.817187 0.068750 0.050000 0.065278
0 0.873047 0.238889 0.069531 0.058333
0 0.902344 0.601389 0.054688 0.050000
0 0.755078 0.661806 0.050781 0.051389
0 0.894531 0.294444 0.056250 0.052778
0 0.054297 0.093056 0.066406 0.063889
0 0.322656 0.081250 0.054688 0.056944
