0 0.247266 0.203472 0.049219 0.045833
0 0.196484 0.356944 0.039844 0.041667
0 0.275391 0.443750 0.041406 0.043056
0 0.348828 0.193056 0.038281 0.044444
0 0.653516 0.249306 0.039844 0.040278
0 0.704687 0.243750 0.043750 0.054167
0 0.716406 0.165278 0.042188 0.038889
0 0.735937 0.109028 0.048437 0.043056
0 0.851172 0.159028 0.036719 0.051389
0 0.913672 0.260417 0.055469 0.056944
0 0.857031 0.326389 0.053125 0.044444
0 0.805078 0.456250 0.053906 0.054167
0 0.724219 0.492361 0.042188 0.040278
0 0.641016 0.517361 0.046094 0.056944
0 0.628906 0.434028 0.046875 0.045833
0 0.451172 0.499306 0.050781 0.045833
0 0.344531 0.601389 0.050000 0.038889
0 0.112500 0.649306 0.053125 0.034722
0 0.118750 0.605556 0.048437 0.044444
0 0.080469 0.731250 0.050000 0.048611
0 0.541797 0.775694 0.046094 0.059722
0 0.558203 0.678472 0.042969 0.043056
