0 0.237500 0.165972 0.050000 0.048611
0 0.284766 0.191667 0.046094 0.047222
0 0.647656 0.054861 0.046875 0.043056
0 0.000000 -0.138889 0.000000 0.000000
0 0.671875 0.082639 0.045313 0.043056
0 0.676172 0.145833 0.046094 0.041667
0 0.719141 0.170833 0.047656 0.047222
0 0.000000 -0.138889 0.000000 0.000000
0 0.768750 0.176389 0.048437 0.055556
0 0.852734 0.315278 0.047656 0.047222
0 0.112109 0.272222 0.053906 0.038889
0 0.084766 0.329861 0.049219 0.048611
0 0.114063 0.159028 0.045313 0.051389
0 0.025391 0.468750 0.050781 0.062500
0 0.075000 0.422222 0.042188 0.047222
0 0.212109 0.694444 0.044531 0.050000
0 0.373828 0.548611 0.042969 0.052778
0 0.450391 0.614583 0.046094 0.043056
0 0.684766 0.630556 0.049219 0.044444
0 0.732813 0.688194 0.050000 0.043056
0 0.855078 0.720139 0.041406 0.051389
0 0.967969 0.750000 0.054688 0.050000
0 0.966797 0.378472 0.039844 0.048611
0 0.429297 0.757639 0.044531 0.043056
