0 0.201953 0.120833 0.050781 0.052778
0 0.128516 0.127083 0.041406 0.037500
0 0.265234 0.208333 0.047656 0.047222
0 0.265625 0.276389 0.048437 0.033333
0 0.221094 0.365972 0.045313 0.043056
0 0.178516 0.374306 0.042969 0.054167
0 0.043750 0.309028 0.054688 0.051389
0 0.040625 0.394444 0.042188 0.050000
0 0.263281 0.481250 0.037500 0.040278
0 0.313281 0.454167 0.042188 0.047222
0 0.538672 0.522917 0.044531 0.043056
0 0.481641 0.288194 0.049219 0.043056
0 0.419922 0.261806 0.044531 0.045833
0 0.682813 0.321528 0.053125 0.045833
0 0.735937 0.555556 0.046875 0.044444
0 0.774609 0.593750 0.046094 0.056944
0 0.503906 0.733333 0.053125 0.044444
0 0.278125 0.676389 0.043750 0.047222
0 0.973047 0.595833 0.041406 0.050000
0 0.657422 0.779861 0.033594 0.040278
0 0.606641 0.334722 0.042969 0.047222
