0 0.343359 0.175000 0.063281 0.050000
0 0.208594 0.266667 0.060938 0.050000
0 0.322656 0.322917 0.057813 0.043056
0 0.390625 0.461111 0.045313 0.041667
0 0.614453 0.212500 0.061719 0.050000
0 0.569531 0.283333 0.050000 0.063889
0 0.761719 0.300694 0.046875 0.045833
0 0.685547 0.070139 0.057031 0.056944
0 0.797656 0.424306 0.056250 0.043056
0 0.889453 0.655556 0.041406 0.038889
0 0.913281 0.736806 0.048437 0.051389
0 0.960938 0.727778 0.039062 0.050000
0 0.222656 0.680556 0.071875 0.055556
0 0.128516 0.628472 0.057031 0.054167
0 0.369141 0.735417 0.046094 0.043056
0 0.510156 0.778472 0.054688 0.048611
0 0.293750 0.195833 0.051562 0.058333
0 0.298828 0.088889 0.046094 0.041667
0 0.087109 0.056944 0.053906 0.055556
0 0.683984 0.068750 0.053906 0.059722
0 0.753125 0.038889 0.051562 0.041667
