0 0.050781 0.305556 0.045313 0.052778
0 0.118359 0.426389 0.046094 0.047222
0 0.299609 0.559028 0.039844 0.043056
0 0.270312 0.716667 0.040625 0.041667
0 0.308984 0.710417 0.039844 0.040278
0 0.366016 0.659028 0.042969 0.043056
0 0.436328 0.386111 0.038281 0.047222
0 0.622266 0.248611 0.046094 0.050000
0 0.644141 0.326389 0.044531 0.061111
0 0.789062 0.436806 0.062500 0.056944
0 0.696094 0.034028 0.045313 0.043056
0 0.567578 0.741667 0.050781 0.050000
0 0.600391 0.604861 0.046094 0.045833
0 0.314063 0.195833 0.048437 0.050000
