0 0.291797 0.250694 0.047656 0.045833
0 0.310937 0.178472 0.043750 0.043056
0 0.296875 0.086806 0.043750 0.031944
0 0.304688 0.038889 0.042188 0.036111
0 0.319922 0.311111 0.046094 0.041667
0 0.232422 0.268750 0.044531 0.056944
0 0.229687 0.446528 0.046875 0.043056
0 0.141406 0.450694 0.043750 0.037500
0 0.134375 0.509722 0.046875 0.041667
0 0.205859 0.614583 0.046094 0.031944
0 0.355469 0.608333 0.051562 0.052778
0 0.347266 0.721528 0.047656 0.040278
0 0.503125 0.569444 0.031250 0.041667
0 0.532031 0.590972 0.040625 0.048611
0 0.555859 0.465972 0.038281 0.037500
0 0.553906 0.288889 0.045313 0.044444
0 0.659375 0.584722 0.035937 0.038889
0 0.715625 0.622222 0.042188 0.047222
0 0.782812 0.615972 0.037500 0.048611
0 0.696484 0.506250 0.041406 0.040278
0 0.691406 0.450694 0.045313 0.048611
0 0.733203 0.469444 0.039844 0.041667
0 0.876953 0.629861 0.035156 0.043056
0 0.887109 0.354167 0.039844 0.044444
0 0.708984 0.107639 0.038281 0.043056
