0 0.323438 0.422917 0.045313 0.048611
0 0.280078 0.404167 0.046094 0.047222
0 0.321094 0.064583 0.050000 0.045833
0 0.329688 0.014583 0.051562 0.029167
0 0.253516 0.191667 0.046094 0.044444
0 0.367578 0.775694 0.042969 0.048611
0 0.229297 0.637500 0.044531 0.050000
0 0.126172 0.514583 0.046094 0.048611
0 0.478516 0.541667 0.039844 0.047222
0 0.833984 0.197222 0.047656 0.050000
0 0.980469 0.465972 0.037500 0.043056
0 0.939062 0.512500 0.046875 0.044444
0 0.939062 0.576389 0.040625 0.044444
0 0.900391 0.708333 0.044531 0.036111
