0 0.043359 0.052778 0.049219 0.052778
0 0.192969 0.097222 0.043750 0.058333
0 0.239844 0.079167 0.046875 0.044444
0 0.293750 0.131944 0.050000 0.050000
0 0.218359 0.275694 0.042969 0.054167
0 0.260938 0.283333 0.045313 0.055556
0 0.323828 0.270139 0.042969 0.056944
0 0.372656 0.286111 0.048437 0.052778
0 0.648047 0.056250 0.049219 0.048611
0 0.703125 0.051389 0.042188 0.058333
0 0.797266 0.097222 0.050781 0.052778
0 0.653906 0.202778 0.057813 0.050000
0 0.632031 0.267361 0.039062 0.051389
0 0.583594 0.568056 0.053125 0.052778
0 0.578125 0.621528 0.046875 0.051389
0 0.652734 0.675694 0.050781 0.056944
0 0.594922 0.783333 0.041406 0.055556
0 0.282031 0.682639 0.048437 0.040278
0 0.075391 0.695833 0.049219 0.047222
0 0.036719 0.674306 0.048437 0.054167
0 0.958594 0.408333 0.059375 0.052778
0 0.976953 0.890972 0.042969 0.068056
