0 0.111328 0.050694 0.050781 0.054167
0 0.190234 0.055556 0.049219 0.047222
0 0.356250 0.106250 0.046875 0.048611
0 0.708594 0.152778 0.051562 0.055556
0 0.748047 0.095139 0.052344 0.048611
0 0.742969 0.213889 0.050000 0.052778
0 0.650000 0.360417 0.054688 0.045833
0 0.637500 0.479167 0.051562 0.061111
0 0.755859 0.808333 0.042969 0.050000
0 0.167578 0.418750 0.052344 0.045833
0 0.055469 0.445833 0.042188 0.038889
0 0.092969 0.548611 0.043750 0.038889
0 0.238281 0.566667 0.043750 0.044444
0 0.021094 0.835417 0.042188 0.054167
