0 0.460547 0.068056 0.046094 0.047222
0 0.738672 0.096528 0.044531 0.051389
0 0.772266 0.076389 0.039844 0.047222
0 0.839453 0.094444 0.049219 0.058333
0 0.721484 0.265972 0.041406 0.062500
0 0.683594 0.228472 0.042188 0.051389
0 0.794531 0.431944 0.046875 0.058333
0 0.764063 0.560417 0.050000 0.048611
0 0.716797 0.529861 0.049219 0.045833
0 0.636328 0.822222 0.036719 0.044444
0 0.375000 0.752778 0.051562 0.044444
0 0.186719 0.722222 0.051562 0.047222
0 0.189453 0.670833 0.039844 0.047222
0 0.205859 0.490278 0.046094 0.052778
0 0.169922 0.384722 0.046094 0.041667
