0 0.283203 0.151389 0.050781 0.044444
0 0.427734 0.209722 0.044531 0.047222
0 0.520312 0.342361 0.056250 0.056944
0 0.627344 0.110417 0.050000 0.048611
0 0.632812 0.172222 0.050000 0.050000
0 0.669141 0.408333 0.047656 0.050000
0 0.712500 0.388194 0.045313 0.051389
0 0.861719 0.426389 0.046875 0.047222
0 0.816016 0.354167 0.046094 0.047222
0 0.972266 0.427778 0.050781 0.047222
0 0.908203 0.209722 0.049219 0.050000
0 0.919531 0.067361 0.050000 0.056944
0 0.250391 0.313889 0.052344 0.052778
0 0.050781 0.300000 0.054688 0.038889
0 0.064844 0.452083 0.035937 0.048611
0 0.037500 0.498611 0.051562 0.044444
0 0.123047 0.205556 0.042969 0.047222
0 0.496875 0.717361 0.039062 0.048611
0 0.851562 0.715278 0.051562 0.055556
0 0.971484 0.778472 0.049219 0.056944
0 0.634375 0.372222 0.046875 0.047222
