0 0.258203 0.131250 0.039844 0.048611
0 0.247656 0.015278 0.040625 0.025000
0 0.302344 0.122222 0.039062 0.044444
0 0.288281 0.041667 0.045313 0.041667
0 0.655859 0.159722 0.042969 0.044444
0 0.714063 0.225694 0.043750 0.045833
0 0.697656 0.443056 0.037500 0.038889
0 0.587891 0.519444 0.042969 0.041667
0 0.544531 0.489583 0.042188 0.034722
0 0.508984 0.551389 0.046094 0.033333
0 0.484375 0.588194 0.035937 0.043056
0 0.425391 0.609028 0.046094 0.048611
0 0.085156 0.568056 0.045313 0.044444
0 0.053516 0.526389 0.036719 0.038889
0 0.182422 0.220833 0.041406 0.058333
0 0.940234 0.401389 0.060156 0.058333
0 0.829687 0.370833 0.051562 0.047222
0 0.871094 0.468056 0.046875 0.058333
0 0.931641 0.259722 0.053906 0.052778
0 0.942187 0.723611 0.046875 0.058333
0 0.583203 0.685417 0.046094 0.048611
0 0.266797 0.668056 0.042969 0.055556
