0 0.116797 0.280556 0.055469 0.047222
0 0.048437 0.362500 0.046875 0.047222
0 0.090625 0.348611 0.039062 0.050000
0 0.117969 0.403472 0.045313 0.048611
0 0.107422 0.445833 0.044531 0.041667
0 0.041797 0.581250 0.047656 0.037500
0 0.092578 0.577778 0.046094 0.036111
0 0.117969 0.707639 0.040625 0.051389
0 0.291016 0.661111 0.052344 0.052778
0 0.320703 0.715972 0.047656 0.051389
0 0.390625 0.592361 0.053125 0.048611
0 0.534766 0.076389 0.047656 0.050000
0 0.581250 0.091667 0.042188 0.047222
0 0.795313 0.178472 0.045313 0.054167
0 0.848437 0.081250 0.046875 0.045833
0 0.965234 0.585417 0.049219 0.059722
0 0.940234 0.690278 0.042969 0.044444
0 0.583203 0.515278 0.042969 0.041667
0 0.501172 0.686111 0.044531 0.041667
0 0.526563 0.789583 0.053125 0.051389
