0 0.349219 0.250694 0.043750 0.043056
0 0.334766 0.282639 0.042969 0.043056
0 0.665625 0.572917 0.046875 0.054167
0 0.648047 0.443750 0.047656 0.048611
0 0.753125 0.370833 0.046875 0.050000
0 0.851953 0.266667 0.046094 0.047222
0 0.505859 0.677778 0.047656 0.044444
0 0.267969 0.752778 0.043750 0.044444
0 0.027734 0.174306 0.039844 0.056944
0 0.067188 0.187500 0.040625 0.047222
0 0.075781 0.088889 0.050000 0.052778
0 0.025781 0.541667 0.043750 0.055556
0 0.297656 0.020833 0.042188 0.036111
0 0.625391 0.590972 0.038281 0.045833
0 0.881250 0.555556 0.048437 0.050000
0 0.901953 0.668750 0.044531 0.051389
