0 0.317187 0.529167 0.042188 0.030556
0 0.314063 0.559028 0.042188 0.034722
0 0.305078 0.585417 0.035156 0.043056
0 0.188281 0.400000 0.050000 0.041667
0 0.266016 0.293056 0.038281 0.044444
0 0.330859 0.236111 0.047656 0.044444
0 0.069922 0.534028 0.055469 0.043056
0 0.124219 0.587500 0.035937 0.041667
0 0.349219 0.698611 0.042188 0.050000
0 0.383594 0.751389 0.046875 0.041667
0 0.642187 0.719444 0.037500 0.044444
0 0.842969 0.431944 0.050000 0.050000
0 0.917969 0.393056 0.039062 0.050000
0 0.690625 0.175000 0.048437 0.050000
0 0.692578 0.223611 0.042969 0.047222
0 0.954297 0.156250 0.046094 0.040278
