0 0.458984 0.550694 0.049219 0.045833
0 0.428906 0.633333 0.048437 0.052778
0 0.478516 0.654167 0.046094 0.055556
0 0.555859 0.525000 0.047656 0.050000
0 0.425781 0.437500 0.039062 0.055556
0 0.774609 0.291667 0.041406 0.041667
0 0.858984 0.271528 0.050781 0.051389
0 0.819922 0.361111 0.039844 0.044444
0 0.823047 0.409028 0.046094 0.051389
0 0.428516 0.059722 0.044531 0.041667
0 0.374219 0.063194 0.054688 0.051389
0 0.129688 0.395139 0.050000 0.048611
0 0.129688 0.444444 0.034375 0.047222
0 0.186719 0.599306 0.046875 0.056944
0 0.130469 0.561111 0.037500 0.041667
0 0.074609 0.312500 0.047656 0.050000
0 0.030078 0.259028 0.039844 0.054167
0 0.327344 0.529861 0.050000 0.048611
0 0.722656 0.129861 0.040625 0.051389
0 0.869922 0.493750 0.041406 0.048611
0 0.951953 0.526389 0.042969 0.044444
0 0.982813 0.645139 0.034375 0.051389
