0 0.198047 0.144444 0.046094 0.041667
0 0.225000 0.207639 0.035937 0.045833
0 0.221094 0.277083 0.032812 0.037500
0 0.339844 0.388194 0.040625 0.043056
0 0.343359 0.467361 0.041406 0.043056
0 0.669531 0.358333 0.045313 0.041667
0 0.693359 0.486806 0.044531 0.037500
0 0.808594 0.457639 0.040625 0.043056
0 0.798437 0.595833 0.032812 0.041667
0 0.393750 0.649306 0.046875 0.054167
0 0.069922 0.286806 0.058594 0.054167
0 0.123047 0.671528 0.049219 0.048611
0 0.038281 0.606250 0.054688 0.034722
0 0.280469 0.596528 0.045313 0.048611
0 0.951172 0.711111 0.042969 0.047222
