0 0.272266 0.381250 0.053906 0.048611
0 0.383594 0.337500 0.050000 0.047222
0 0.454297 0.375000 0.057031 0.050000
0 0.309375 0.536806 0.050000 0.056944
0 0.382812 0.649306 0.050000 0.043056
0 0.037109 0.570833 0.049219 0.044444
0 0.089844 0.623611 0.051562 0.058333
0 0.744922 0.226389 0.053906 0.052778
0 0.680078 0.163194 0.049219 0.048611
0 0.728516 0.144444 0.053906 0.050000
0 0.772656 0.128472 0.045313 0.054167
0 0.700781 0.077778 0.056250 0.061111
0 0.382422 0.096528 0.057031 0.073611
0 0.636719 0.684028 0.045313 0.045833
0 0.671094 0.645139 0.046875 0.054167
0 0.717969 0.693750 0.050000 0.051389
