0 0.000000 -0.138889 0.000000 0.000000
0 0.374609 0.144444 0.055469 0.044444
0 0.437500 0.327778 0.040625 0.041667
0 0.107813 0.169444 0.056250 0.052778
0 0.041016 0.398611 0.066406 0.052778
0 0.066016 0.465278 0.049219 0.044444
0 0.267969 0.564583 0.040625 0.037500
0 0.292578 0.620139 0.038281 0.040278
0 0.448047 0.579167 0.044531 0.044444
0 0.582422 0.353472 0.046094 0.043056
0 0.673437 0.371528 0.043750 0.045833
0 0.817187 0.292361 0.057813 0.054167
0 0.852734 0.235417 0.049219 0.040278
0 0.763672 0.621528 0.049219 0.051389
0 0.645703 0.544444 0.046094 0.044444
