0 0.029297 0.296528 0.058594 0.059722
0 0.064844 0.338889 0.048437 0.047222
0 0.253516 0.493056 0.061719 0.050000
0 0.423047 0.532639 0.042969 0.051389
0 0.628516 0.356944 0.050781 0.041667
0 0.662891 0.184028 0.042969 0.040278
0 0.695703 0.251389 0.046094 0.047222
0 0.605859 0.609028 0.042969 0.040278
0 0.742578 0.556944 0.035156 0.041667
0 0.901172 0.690278 0.049219 0.044444
0 0.961719 0.429167 0.045313 0.047222
0 0.804688 0.129861 0.046875 0.059722
0 0.054688 0.229167 0.043750 0.041667
0 0.885547 0.741667 0.041406 0.041667
