0 0.290234 0.102778 0.038281 0.036111
0 0.332812 0.130556 0.037500 0.044444
0 0.727344 0.138194 0.043750 0.037500
0 0.708594 0.368056 0.040625 0.038889
0 0.811719 0.304167 0.039062 0.044444
0 0.888281 0.407639 0.053125 0.051389
0 0.388281 0.379167 0.043750 0.044444
0 0.393359 0.465972 0.047656 0.054167
0 0.407422 0.616667 0.038281 0.036111
0 0.311328 0.625000 0.042969 0.036111
0 0.424609 0.682639 0.039844 0.043056
0 0.399609 0.725000 0.038281 0.033333
0 0.713672 0.482639 0.047656 0.045833
0 0.767578 0.625694 0.050781 0.062500
0 0.967188 0.772222 0.046875 0.052778
0 0.037500 0.812500 0.039062 0.036111
0 0.051953 0.588194 0.042969 0.034722
