0 0.400391 0.190278 0.049219 0.047222
0 0.445312 0.161111 0.045313 0.044444
0 0.358203 0.054167 0.046094 0.058333
0 0.393750 0.035417 0.050000 0.054167
0 0.695312 0.293750 0.043750 0.045833
0 0.828906 0.254167 0.048437 0.055556
0 0.838281 0.330556 0.053125 0.047222
0 0.936719 0.395833 0.046875 0.061111
0 0.971094 0.373611 0.043750 0.052778
0 0.823828 0.559028 0.050781 0.051389
0 0.875391 0.564583 0.044531 0.045833
0 0.821875 0.706250 0.057813 0.048611
0 0.656250 0.738889 0.045313 0.038889
0 0.327344 0.646528 0.034375 0.043056
0 0.396875 0.697222 0.050000 0.044444
0 0.356250 0.762500 0.053125 0.044444
0 0.340625 0.556250 0.056250 0.045833
0 0.121484 0.548611 0.047656 0.044444
0 0.033594 0.456250 0.043750 0.051389
0 0.442578 0.366667 0.052344 0.044444
0 0.457031 0.405556 0.046875 0.038889
0 0.383203 0.304167 0.047656 0.052778
0 0.327344 0.350694 0.037500 0.048611
0 0.566016 0.693750 0.042969 0.040278
0 0.617969 0.604167 0.043750 0.041667
