0 0.414453 0.181944 0.046094 0.044444
0 0.443750 0.226389 0.046875 0.052778
0 0.423828 0.082639 0.049219 0.043056
0 0.109766 0.423611 0.047656 0.047222
0 0.083984 0.449306 0.042969 0.043056
0 0.286719 0.698611 0.059375 0.047222
0 0.368750 0.702778 0.050000 0.050000
0 0.358203 0.557639 0.039844 0.043056
0 0.350781 0.322222 0.059375 0.047222
0 0.665234 0.505556 0.046094 0.050000
0 0.756250 0.586806 0.040625 0.045833
0 0.887109 0.371528 0.047656 0.043056
0 0.610156 0.749306 0.050000 0.048611
0 0.483984 0.635417 0.044531 0.051389
0 0.796094 0.678472 0.042188 0.040278
0 0.809766 0.724306 0.035156 0.045833
0 0.984375 0.609722 0.031250 0.052778
0 0.752344 0.218056 0.045313 0.050000
0 0.426562 0.036111 0.048437 0.044444
